2.039244e-04
2.041155e-04
2.042907e-04
2.044438e-04
2.045689e-04
2.046612e-04
2.047171e-04
2.047345e-04
2.047127e-04
2.046526e-04
2.045564e-04
2.044278e-04
2.042719e-04
2.040945e-04
2.039026e-04
2.037034e-04
2.035047e-04
2.033140e-04
2.031388e-04
2.029857e-04
2.028606e-04
2.027683e-04
2.027124e-04
2.026950e-04
2.027168e-04
2.027770e-04
2.028732e-04
2.030017e-04
2.031576e-04
2.033350e-04
2.035269e-04
2.037261e-04
2.039248e-04
2.041155e-04
2.042907e-04
2.044438e-04
2.045689e-04
2.046612e-04
2.047171e-04
2.047345e-04
2.047127e-04
2.046526e-04
2.045564e-04
2.044278e-04
2.042719e-04
2.040945e-04
2.039026e-04
2.037034e-04
2.035047e-04
2.033140e-04
2.031388e-04
2.029857e-04
2.028606e-04
2.027683e-04
2.027124e-04
2.026950e-04
2.027168e-04
2.027770e-04
2.028732e-04
2.030017e-04
2.031576e-04
2.033350e-04
2.035269e-04
2.037261e-04
2.039248e-04
2.041155e-04
2.042907e-04
2.044438e-04
2.045689e-04
2.046612e-04
2.047171e-04
2.047345e-04
2.047127e-04
2.046526e-04
2.045564e-04
2.044278e-04
2.042719e-04
2.040945e-04
2.039026e-04
2.037034e-04
2.035047e-04
2.033140e-04
2.031388e-04
2.029857e-04
2.028606e-04
2.027683e-04
2.027124e-04
2.026950e-04
2.027168e-04
2.027770e-04
2.028732e-04
2.030017e-04
2.031576e-04
2.033350e-04
2.035269e-04
2.037261e-04
2.039248e-04
2.041155e-04
2.042907e-04
2.044438e-04
2.045689e-04
2.046612e-04
2.047171e-04
2.047345e-04
2.047127e-04
2.046526e-04
2.045564e-04
2.044278e-04
2.042719e-04
2.040945e-04
2.039026e-04
2.037034e-04
2.035047e-04
2.033140e-04
2.031388e-04
2.029857e-04
2.028606e-04
2.027683e-04
2.027124e-04
2.026950e-04
2.027168e-04
2.027770e-04
2.028732e-04
2.030017e-04
2.031576e-04
2.033350e-04
2.035269e-04
2.037261e-04
2.039248e-04
2.041155e-04
2.042907e-04
2.044438e-04
2.045689e-04
2.046612e-04
2.047171e-04
2.047345e-04
2.047127e-04
2.046526e-04
2.045564e-04
2.044278e-04
2.042719e-04
2.040945e-04
2.039026e-04
2.037034e-04
2.035047e-04
2.033140e-04
2.031388e-04
2.029857e-04
2.028606e-04
2.027683e-04
2.027124e-04
2.026950e-04
2.027168e-04
2.027770e-04
2.028732e-04
2.030017e-04
2.031576e-04
2.033350e-04
2.035269e-04
2.037261e-04
2.039248e-04
